BrendanCIGENE_Genepop2
BASS133_B7_H09_429
ESTNV_30720_430
GCR_cBin46661_Ctg1_205
BASS133_B7_H09_699
ESTNV_32163_1326
ESTV_14535_450
GCR_cBin18835_Ctg1_75
GCR_cBin50992_Ctg1_110
ESTNV_15783_204
ESTNV_32255_533
ESTNV_36161_2245
ESTV_14800_360
GCR_cBin25237_Ctg1_243
GCR_cBin5772_Ctg1_84
GCR_cBin2587_Ctg1_174
GCR_cBin8347_Ctg1_155
ESTNV_25560_280
ESTNV_34458_739
GCR_cBin31170_Ctg1_155
ESTNV_27501_1122
ESTNV_34549_1420
ESTV_20590_724_V2_NullAll
ESTNV_34549_1541
ESTV_13579_155
GCR_cBin36852_Ctg1_144
ESTNV_29544_441
ESTNV_34947_1545
ESTV_13615_417
GCR_cBin10506_Ctg1_377
BASS11_B7_G05_472
ESTNV_17881_371
ESTNV_22388_362
ESTNV_27413_1015
ESTNV_28224_523
ESTNV_30995_709
ESTNV_31131_459
ESTNV_32127_1678
ESTNV_32554_686
ESTNV_32696_592
ESTV_15107_389
ESTV_18144_308
ESTV_19099_538
GCR_cBin10390_Ctg1_228
GCR_cBin12488_Ctg1_395
GCR_cBin1696_Ctg1_77
GCR_cBin18557_Ctg1_186
GCR_cBin19774_Ctg1_545
GCR_cBin22637_Ctg1_68
GCR_cBin30266_Ctg1_215
GCR_cBin38720_Ctg1_79
GCR_cBin6462_Ctg1_186
MHC_IA_5500-5800_2
BASS114_B6A_B06_105
ESTNV_26033_1130
ESTNV_28270_603
ESTNV_28692_531
ESTNV_28793_1230
ESTNV_29638_375
ESTNV_31573_185
ESTNV_34703_1491
ESTNV_36095_174
ESTNV_37492_1203
ESTV_14315_1017
ESTV_15190_1379
ESTV_15610_240
ESTV_15610_550
ESTV_16214_389
GCR_cBin10604_Ctg1_137
GCR_cBin21766_Ctg1_227
GCR_cBin2972_Ctg1_58
GCR_cBin3012_Ctg1_287
GCR_cBin30133_Ctg1_51
GCR_cBin30587_Ctg1_97
GCR_cBin36902_Ctg1_70
GCR_cBin37707_Ctg1_102
GCR_cBin37731_Ctg1_46
GCR_cBin38667_Ctg1_130
GCR_cBin45586_Ctg1_134
GCR_cBin6161_Ctg1_202
GCR_cBin7010_Ctg1_198
GCR_cBin7930_Ctg1_81
GCR_hBin45297_Ctg1_227
Pop
Aqua1_ ,  101101 101101 101101 101101 103103 101101 102102 103103 101101 101101 101101 102102 102102 101101 102102 101101 102102 101102 103103 101101 102102 101101 103103 102102 104104 101103 102102 103103 101101 101101 102102 101101 101103 101101 101101 104104 101101 101101 103103 101101 101101 103103 102102 101101 101103 101101 101101 103103 102102 101101 103103 102102 101101 104104 101103 101101 101102 103103 101103 104104 101102 101101 102102 101101 101101 103103 103103 101101 103103 103103 101103 101101 101103 101104 101103 101101 103103 101103 101103 101102 103103 103103
Aqua2_ ,  101101 101101 101101 101101 103103 101101 102102 103103 101103 101101 104104 102102 102102 101101 102102 101101 102102 101101 103103 101103 101102 101101 101103 102102 104104 101101 102102 103103 101101 101101 102103 103103 101103 101101 101103 104104 101101 102102 101101 101101 101101 103103 102102 101101 101103 101101 101101 101103 101101 101101 102103 102102 101101 104104 101101 101102 101101 101103 103103 101104 101102 101104 101102 101101 101104 101103 103103 101101 103103 103103 101101 101103 103103 104104 101101 101101 103103 103103 103103 101102 103103 103103
Aqua3_ ,  101101 101101 101101 101101 103103 101101 102102 103103 101103 101101 101104 102102 102102 101101 102102 101101 102102 101101 103103 101101 102102 101101 103103 101102 104104 101101 102102 103103 101104 101101 103103 101101 101103 101102 101103 104104 101101 102102 101101 101101 101101 103103 102102 101101 101103 101101 101101 103103 101102 101101 102103 102102 101101 104104 101101 101101 101101 101101 101103 101104 101102 104104 101102 101101 101104 101103 103103 101101 103103 103103 101101 101103 103103 104104 101103 101101 103103 103103 101103 102102 103103 103103
Aqua4_ ,  101103 101101 101101 101104 103103 101101 102102 103103 101101 101101 101104 102102 102102 101101 101102 101101 102102 101101 103103 101101 101102 101101 101103 102102 104104 101103 102102 103103 101104 101102 102102 103103 101103 101101 101103 104104 101101 102102 101101 101103 101101 103103 101102 101101 101103 101101 101101 103103 102102 101101 103103 102102 101101 104104 101101 101101 101101 101103 101101 104104 102102 101104 102102 101101 101104 101103 103103 101101 103103 103103 103103 101103 101101 101104 101101 101101 103103 101103 103103 101101 103103 103103
Aqua5_ ,  101101 101101 101101 101101 103103 101101 102102 103103 101103 101101 101104 102102 102102 101101 101102 101101 102102 101101 103103 101101 102102 101101 103103 102102 104104 101103 102102 103103 101101 101101 102103 101103 101101 101102 101101 104104 101102 102102 101101 101101 101101 103103 101102 101101 103103 101101 101101 103103 101102 101101 103103 102102 101101 104104 101101 101102 101101 101101 101103 104104 101102 101104 102102 101101 104104 101101 103103 101101 103103 103103 101101 101103 101103 101101 101101 101101 103103 101103 103103 101102 103103 103103
Aqua6_ ,  101101 101101 101101 101101 103103 101101 102102 103103 101101 101101 101104 102102 102102 101101 102102 101101 102102 101101 103103 101101 102102 101101 103103 102102 104104 103103 102102 102103 101101 101101 102102 101103 101103 101101 101101 104104 101101 102102 101103 101101 101101 103103 102102 101101 101103 101101 101101 103103 102102 101101 103103 102102 101101 104104 101101 101102 101102 103103 101101 101104 101102 101104 102102 101101 101101 103103 103103 101101 103103 103103 101101 103103 101103 101101 101103 101101 103103 101101 101103 101101 103103 103103
Aqua7_ ,  101101 101101 101101 101101 103103 101101 102102 103103 101101 101101 101101 102102 102102 101101 102102 101101 101102 101101 103103 101101 101102 101101 101103 102102 104104 103103 102102 103103 101101 101101 102102 101101 101101 101101 101101 104104 101101 102102 101103 101101 101101 103103 101102 101101 101103 101101 101101 103103 101101 101103 102103 102102 101101 104104 101101 101102 102102 101103 101103 104104 102102 101104 102102 101101 101101 103103 103103 101101 103103 103103 101103 103103 101101 104104 103103 101101 103103 101103 101103 101102 103103 103103
Aqua8_ ,  101101 101101 101101 101101 103103 101101 102102 103103 101103 101101 101101 102102 102102 101101 102102 101101 102102 101101 103103 101101 102102 101101 103103 102102 104104 103103 102102 103103 101101 101101 102103 101103 101103 101102 101103 104104 101101 102102 101101 101101 101101 103103 101102 101101 101103 101101 101103 103103 102102 101101 102103 102102 101101 104104 101101 101102 101102 101103 101103 101101 102102 101104 102102 101101 101101 103103 103103 101101 103103 103103 101103 103103 103103 101104 101103 101101 103103 101103 101103 101102 103103 103103
Aqua9_ ,  101101 101101 101101 101101 103103 101101 102102 103103 101101 101101 101101 102102 102102 101101 102102 101101 102102 101101 103103 101101 102102 101101 103103 102102 104104 101103 102102 103103 101104 101101 102102 101103 101101 101101 101103 104104 101101 102102 101101 101101 101101 103103 101102 101101 101103 101104 101103 103103 102102 101101 103103 102102 101101 104104 101103 101102 102102 101103 101101 101104 101102 101104 102102 101101 101101 103103 103103 101101 103103 103103 101101 101103 101103 101104 101103 101101 103103 103103 101103 101102 103103 103103
Aqua10_ ,  101101 101101 101101 101101 103103 101101 102102 103103 101103 101101 101104 102102 102102 101101 102102 101101 102102 101101 103103 101103 101102 101101 101103 102102 104104 101103 102102 103103 101101 101101 103103 101103 101101 101102 101101 104104 101101 101102 101103 101101 101101 103103 101102 101101 101103 101101 101101 103103 102102 101103 103103 102102 101101 101104 101103 102102 101102 101103 103103 104104 101102 101104 102102 101101 101101 103103 103103 101101 103103 103103 101103 101101 101103 101104 101103 101103 103103 101101 101103 101101 103103 103103
Aqua11_ ,  101101 101101 101101 101101 103103 101101 101102 103103 101103 101101 101104 102102 102102 101101 102102 101101 102102 101101 103103 101101 102102 101101 103103 101102 104104 101103 102102 103103 101101 101101 102103 101103 101101 101102 101101 104104 101101 102102 101103 101101 101101 101103 102102 101101 103103 101101 101101 103103 102102 101101 103103 102102 101101 104104 101103 102102 101101 101103 101101 101104 101102 104104 102102 101101 101101 103103 103103 101101 103103 103103 101103 101103 101103 104104 101103 101101 103103 103103 101103 101102 103103 103103
Aqua12_ ,  101101 101101 101101 101101 103103 101101 102102 103103 101103 101101 101104 102102 102102 101101 102102 101101 102102 101101 103103 101103 101102 101101 101103 102102 104104 101103 102102 103103 101101 101101 103103 101103 101101 101101 101103 104104 101101 102102 101103 101101 101101 103103 101102 101101 103103 101101 101101 101103 102102 101101 103103 102102 101101 101104 103103 102102 101102 101103 101103 104104 102102 101101 102102 101101 101101 103103 101103 101101 103103 103103 101103 103103 101101 101104 101103 101101 103103 101101 101101 102102 103103 103103
Aqua13_ ,  101101 101101 101101 101101 103103 101101 102102 103103 101103 101101 101104 102102 102102 101101 102102 101101 102102 101101 103103 101103 102102 101101 103103 102102 104104 103103 102102 103103 101101 101101 102103 101101 101101 101102 101101 104104 101101 102102 101103 101101 101101 103103 101101 101101 101103 101101 101101 103103 102102 101101 103103 102102 101101 104104 101103 101102 101102 101101 101103 101104 102102 101104 102102 101101 101101 103103 103103 101101 103103 103103 101103 101103 101103 104104 101101 101101 103103 101103 101103 102102 103103 103103
Aqua14_ ,  101103 101101 101101 101104 103103 101101 101102 103103 101103 101101 101101 102102 102102 101101 102102 101101 102102 101101 103103 101103 102102 101101 103103 101102 104104 103103 102102 103103 101101 101101 103103 101101 101101 101101 101103 104104 101101 101102 101103 101101 101101 103103 102102 101101 103103 101101 101101 101103 101101 101103 103103 102102 101101 104104 101103 101101 101101 101103 101101 104104 102102 101104 101102 101101 101104 101103 103103 101101 103103 103103 101103 101103 101101 101104 103103 101101 103103 103103 103103 101102 103103 103103
Aqua15_ ,  101103 101101 101101 101104 103103 101101 101102 103103 101103 101101 101104 102102 102102 101101 102102 101101 102102 101102 101103 101101 102102 101101 103103 102102 104104 101103 102102 103103 101101 101101 102103 101103 101103 101101 101101 104104 101101 102102 103103 101101 101101 103103 102102 101101 101103 101101 101101 103103 102102 101101 102103 102102 101101 104104 101101 101102 101102 103103 101103 104104 101101 104104 101102 101101 101104 101103 103103 101101 103103 103103 101101 101101 103103 104104 103103 101101 103103 101101 101101 101102 103103 103103
Aqua16_ ,  101103 101101 101101 101104 103103 101101 102102 103103 103103 101101 101101 102102 102102 101101 102102 101101 101102 101101 103103 101101 101102 101101 101103 101102 104104 101103 102102 103103 101101 101101 103103 103103 101103 101102 101101 104104 101101 102102 101101 101101 101101 103103 102102 101101 101103 101101 101101 103103 102102 101101 103103 102102 101101 104104 101103 101101 101101 101103 103103 101101 102102 104104 101102 101101 101104 101103 101103 101101 103103 103103 101103 101103 101103 101101 101101 101101 103103 101101 101103 102102 101101 103103
Aqua17_ ,  101101 101103 101101 101101 103103 101101 102102 103103 101103 101101 101101 102102 102102 101101 102102 101101 102102 101101 103103 101101 101101 101101 101101 102102 101104 101101 102102 103103 101101 101101 102103 101101 103103 101102 101101 104104 101101 101101 101101 101101 101101 101103 102102 101101 101103 101101 101101 103103 101102 101101 102103 102102 101101 104104 103103 101102 101101 103103 101101 104104 102102 101104 102102 101101 101104 101103 103103 101101 103103 103103 101103 101103 101103 104104 103103 101101 103103 101103 101103 101101 103103 103103
Aqua18_ ,  101101 101101 101101 101101 103103 101101 101102 103103 101101 101101 101104 102102 102102 101101 101102 101101 102102 101101 101103 101101 102102 101101 103103 102102 104104 103103 102102 102103 101101 101101 102103 103103 101103 101101 101101 104104 101101 102102 101103 101101 101101 103103 102102 101101 101103 101101 101103 101103 102102 101101 102102 102102 101101 104104 103103 101102 101102 101101 101101 101104 101102 101101 102102 101101 101101 103103 101103 101101 103103 103103 101103 101101 103103 101101 101101 101101 103103 101101 103103 101102 103103 103103
Aqua19_ ,  101103 101103 101101 101104 103103 101102 102102 103103 103103 101101 104104 102102 102102 101101 102102 101101 101102 101102 103103 103103 101102 101101 101103 101102 104104 101103 102102 103103 101101 101101 102103 103103 101101 102102 101103 104104 101101 102102 101101 101101 101101 103103 102102 101101 101101 101101 101103 101103 102102 101103 103103 102102 101101 104104 101101 102102 101101 101101 101101 101104 102102 101104 102102 101101 101104 101103 103103 101101 103103 103103 103103 101101 101103 101104 101101 101101 103103 101101 101103 101102 103103 103103
Aqua20_ ,  101101 101101 101101 101101 103103 101101 102102 103103 103103 101101 104104 102102 102102 101101 101102 101101 101102 101101 103103 103103 102102 101101 103103 101102 104104 101103 102102 103103 101101 101101 103103 103103 101101 101101 101101 104104 101101 102102 101103 101101 101101 103103 101102 101101 103103 101101 101101 103103 102102 101101 103103 102102 101101 104104 101101 102102 101101 101103 101103 101104 102102 101104 102102 101101 101101 103103 103103 101101 103103 103103 101103 103103 101103 104104 101103 101101 103103 101101 101103 102102 103103 103103
Aqua21_ ,  101101 101101 101101 101101 103103 101101 101101 103103 103103 101101 104104 102102 102102 101101 102102 101101 102102 101101 103103 101103 102102 101101 103103 102102 104104 101101 102102 103103 101101 101101 103103 101101 101101 101101 101103 104104 101101 102102 101103 101101 101101 103103 101102 101101 103103 101101 101101 103103 101101 101101 103103 102102 101101 104104 101101 102102 101102 101103 103103 101104 102102 104104 101102 101101 101101 103103 103103 101101 103103 103103 101101 101103 103103 104104 101103 101101 103103 103103 103103 102102 103103 103103
WLN-100_ ,  101101 101101 101101 101101 103103 101101 102102 103103 101103 101101 104104 102102 102102 101101 102102 101101 101102 101101 103103 101101 101102 101101 101103 102102 104104 101103 102102 103103 101101 101101 103103 101103 101101 101102 101101 104104 101101 101102 103103 101101 101101 103103 102102 101101 101103 101101 101101 103103 102102 101101 102103 102102 101101 104104 101101 101102 101101 101101 101101 104104 102102 101104 102102 101101 101104 101103 103103 101101 103103 103103 101101 101103 101103 101104 101101 101101 103103 101103 103103 102102 103103 103103
WLN-28_ ,  101101 101101 101101 101101 103103 101101 102102 103103 101101 101101 101101 102102 102102 101101 102102 101101 102102 101101 103103 101103 102102 101101 103103 102102 104104 103103 102102 103103 101101 101101 102102 101103 103103 101102 101101 104104 101101 101102 101103 101101 101101 103103 102102 101101 103103 101101 101101 103103 102102 101101 102103 102102 101101 101104 101103 102102 101101 103103 101101 101104 101102 101104 101102 101101 101101 103103 103103 101101 103103 103103 101101 101101 101101 101104 103103 101103 103103 103103 101103 101102 103103 103103
WLN-31_ ,  101101 101101 101101 101101 103103 101101 101102 103103 101103 101101 101104 102102 102102 101103 102102 101101 102102 101101 103103 101101 102102 101101 103103 102102 104104 101103 102102 102103 101101 101101 103103 103103 101103 101101 101103 104104 101101 102102 103103 101101 101101 103103 101102 101101 101103 101104 101101 103103 101102 101101 103103 102102 101101 101104 101101 102102 101101 103103 101103 104104 101102 101104 101102 101101 101104 101103 103103 101101 101103 103103 103103 101103 101103 104104 101101 101101 103103 103103 103103 102102 103103 101103
WLN-47_ ,  101103 101101 101101 101104 103103 101102 101102 103103 101101 101101 101104 102102 102103 101103 102102 101101 101102 101101 103103 101103 102102 101101 103103 101102 101104 103103 102102 102103 101104 101101 102103 101103 101103 101102 101101 104104 101101 101102 101103 101101 101101 103103 102102 101101 103103 101101 101101 103103 101102 101101 102103 102102 101101 104104 101101 102102 101102 101101 103103 101104 101101 101104 102102 101101 101101 103103 103103 101101 103103 101103 101103 101103 103103 101101 101103 101103 103103 101103 101103 101102 103103 103103
WLN-52_ ,  101101 101101 101101 101101 103103 101101 102102 103103 103103 101101 101104 102102 102102 101101 102102 101101 102102 101101 103103 101103 102102 101101 103103 102102 104104 103103 102102 102103 101101 101101 103103 103103 101101 102102 101101 104104 101101 102102 101103 101101 101101 103103 101102 101101 103103 101101 101101 101101 101102 101101 102103 102102 101101 101104 101103 101102 101101 101103 101103 101104 101102 101101 101101 101101 101101 103103 103103 101101 103103 103103 101103 101101 101101 101104 101101 101101 103103 103103 103103 102102 103103 103103
WLN-53_ ,  101101 101101 101101 101101 103103 101101 102102 103103 101103 101101 101104 102102 102102 101101 102102 101101 101102 101101 103103 101101 101102 101101 101103 102102 104104 103103 102102 103103 101101 101101 102103 103103 101101 101101 101103 104104 101101 101102 101103 101101 101101 103103 102102 101101 101103 101101 101101 101103 102102 101101 103103 102102 101101 101104 101101 101101 101102 103103 101101 101104 102102 104104 102102 101101 101104 101103 103103 101101 103103 103103 101103 101103 101103 104104 101101 101101 103103 103103 103103 101102 103103 103103
WLN-54_ ,  101101 101101 101101 101101 103103 101101 101102 103103 101103 101101 101104 102102 102102 101103 102102 101101 102102 101101 103103 101103 102102 101102 103103 102102 104104 103103 102102 103103 101101 101101 102103 103103 103103 101101 101103 104104 101101 102102 101103 101101 101101 103103 102102 101101 101103 101104 101101 103103 101101 101101 103103 102102 101101 101104 101101 102102 101101 103103 101103 101104 101102 101104 102102 101101 101104 101103 103103 101101 101103 103103 103103 101103 101103 104104 101101 101103 103103 103103 103103 101102 101103 101103
WLN-55_ ,  101101 101101 101101 101101 103103 101101 101102 103103 101103 101101 101104 102102 102102 101101 102102 101101 102102 101101 103103 101101 101101 101101 101101 101102 104104 101103 102102 103103 101101 101101 102103 103103 101103 101101 101101 104104 101101 102102 103103 101101 101101 103103 102102 101101 103103 101101 101101 101103 101102 101101 102103 102102 101101 104104 101101 102102 101102 101103 101101 101104 102102 101104 101101 101101 101101 103103 103103 101101 101103 103103 101103 101101 101103 101101 101101 103103 103103 103103 101103 102102 103103 101103
WLN-56_ ,  101101 101101 101101 101101 103103 101101 102102 103103 101101 101101 104104 102102 102102 101101 102102 101101 101102 101101 103103 101101 101102 101101 101103 102102 104104 103103 102102 103103 101101 101101 102103 103103 101101 101102 101103 104104 101101 101102 101101 101101 101101 103103 102102 101101 101103 101101 101101 101103 102102 101101 103103 102102 101101 101104 101101 101101 101102 101103 101101 101101 101102 104104 102102 101101 101104 101103 103103 101101 103103 103103 101103 101103 101103 104104 101101 101101 103103 103103 103103 101102 103103 103103
WLN-60_ ,  101103 101101 101101 101104 103103 101101 102102 103103 101101 101101 104104 102102 102102 101101 102102 101101 101102 101101 103103 101101 101102 101101 101103 102102 104104 103103 102102 103103 101101 101101 102103 103103 101101 101102 101103 104104 101101 101102 101101 101101 101101 103103 102102 101101 101103 101101 101103 101103 102102 101101 103103 102102 101101 101104 101101 101102 101102 101103 101101 101101 102102 104104 101102 101101 101104 101103 103103 101101 103103 103103 101103 103103 103103 104104 101101 101101 103103 103103 101103 101102 103103 103103
WLN-61_ ,  101101 101101 101101 101101 103103 101101 102102 103103 101103 101101 101101 102102 102102 101101 102102 101101 102102 101101 103103 101103 102102 101101 103103 102102 104104 103103 102102 103103 101101 101101 102103 103103 101103 101101 101101 104104 101101 101102 103103 101101 101101 103103 101102 101101 103103 101101 101101 103103 102102 101101 103103 102102 101101 104104 101101 102102 101101 101103 101103 104104 101102 104104 101102 101101 101101 103103 103103 101101 101103 103103 103103 103103 103103 101104 101103 101101 103103 101103 103103 101101 103103 101103
WLN-62_ ,  101101 101101 101101 101101 103103 101101 102102 103103 103103 101103 101104 102102 102102 101101 102102 101101 102102 101101 103103 101101 101102 101101 101103 102102 104104 103103 102102 102103 101101 101101 102103 101101 101103 101102 101101 101104 101102 102102 101103 101101 101101 103103 102102 101101 103103 101101 101101 103103 102102 101101 103103 102102 101101 104104 101103 101102 101101 101103 101103 101104 102102 104104 101102 101101 101104 101103 103103 101101 103103 103103 103103 101103 101103 101101 101101 101101 103103 101103 103103 101102 103103 103103
WLN-63_ ,  101103 101101 101101 101104 103103 101101 102102 103103 101103 101101 101104 102102 102102 101101 102102 101101 102102 101101 103103 101103 101102 101101 101103 102102 104104 103103 102102 103103 101101 101101 102103 101103 103103 101101 101101 104104 101101 102102 101101 101101 101101 103103 101102 101101 101101 101101 101101 101103 102102 101101 103103 102102 101101 101101 101101 102102 101101 101101 101101 101104 101102 104104 102102 101101 101104 101103 103103 101101 103103 103103 103103 103103 101101 104104 101103 101103 103103 101103 103103 101102 103103 103103
WLN-68_ ,  101103 101101 101101 101104 103103 101101 102102 103103 101103 101101 101101 102102 102102 101101 102102 101101 101102 101101 103103 101101 101101 101101 101101 102102 104104 101103 102102 102103 101101 101101 103103 101103 101101 101101 101101 104104 101101 102102 101103 101103 101101 103103 102102 101101 101103 101101 101101 103103 102102 101101 102103 102102 101101 104104 101101 102102 101101 103103 101103 101104 101102 104104 101102 101101 101101 103103 103103 101101 103103 103103 101103 101101 101101 101101 101103 101101 103103 103103 103103 101102 103103 103103
WLN-69_ ,  101103 101101 101101 101104 103103 101101 102102 103103 101103 101101 101104 102102 102102 101101 102102 101101 101102 101101 103103 101101 102102 101101 103103 102102 104104 101103 102102 103103 101101 101101 103103 103103 101101 101102 101101 104104 101101 102102 101103 101101 101101 103103 102102 101101 101103 101101 101101 103103 101102 101101 102103 102102 101101 104104 101103 101102 101101 103103 101103 101104 102102 104104 101102 101101 101101 103103 103103 101101 103103 103103 101101 101103 101101 101101 101103 101101 103103 103103 103103 101102 103103 103103
WLN-71_ ,  101101 101101 101101 101101 103103 101101 102102 103103 101103 101101 101101 102102 102102 101101 102102 101101 102102 101101 103103 101103 102102 101101 103103 102102 104104 101103 102102 103103 101101 101101 103103 101101 101101 101102 101101 104104 101101 102102 103103 101101 101101 103103 102102 101101 101103 101101 101101 101103 101101 101101 103103 102102 101101 101104 101103 101102 101101 101103 101101 104104 102102 101104 101101 101101 101104 101103 103103 101101 103103 103103 101103 101101 101101 101104 101101 101101 103103 103103 103103 102102 101103 103103
WLN-72_ ,  101103 101101 101101 101104 103103 101101 101102 103103 101103 101101 101104 102102 102102 101101 102102 101101 102102 101101 103103 101101 102102 101101 103103 102102 101104 101103 102102 103103 101101 101101 102102 101101 101101 101101 101103 104104 101102 102102 101103 101101 101101 103103 102102 101101 101103 101101 101101 101103 102102 101101 102103 101102 101101 104104 101101 101102 101102 101103 101103 101104 101102 101104 101102 101101 101101 103103 103103 101101 103103 103103 101103 101103 101101 104104 101103 101101 103103 103103 101103 101102 103103 103103
WLN-76_ ,  101103 101103 101102 101104 103103 101101 101102 103103 103103 101103 104104 102102 102103 101101 101102 101101 101102 101101 103103 101103 101102 101101 101103 102102 104104 103103 102102 103103 101104 101102 102103 101103 101103 101101 101103 101104 101102 102102 101103 101101 101101 101103 101102 101101 101103 101101 101103 101103 102102 101103 102103 102102 101101 101101 101101 101102 102102 101103 101103 101104 101102 101101 101102 101101 101104 101103 103103 101101 103103 103103 101103 101103 101103 101104 101103 101103 103103 101103 101103 101101 103103 103103
WLN-77_ ,  101101 101101 101101 101101 103103 101101 102102 103103 103103 101101 101101 102102 102102 101101 102102 101101 102102 101101 103103 101101 101102 101101 101103 102102 104104 101103 102102 102103 101101 101101 103103 101103 101103 101101 101103 104104 101101 102102 101103 101101 101101 103103 101102 101101 101101 101101 101101 103103 101101 101101 102103 102102 101101 104104 103103 101102 101102 103103 101103 104104 101102 104104 102102 101101 101101 103103 103103 101101 103103 103103 101103 101103 103103 104104 101103 101101 103103 101103 103103 102102 103103 103103
WLN-78_ ,  101101 101101 101101 101101 103103 101101 102102 103103 101101 101101 101104 102102 102102 101101 101102 101101 101102 101101 103103 101101 102102 101101 103103 102102 104104 101103 102102 102103 101101 101101 102102 101103 101101 101102 101103 104104 101101 102102 101103 101101 101101 103103 101102 101101 101103 101101 101101 103103 101102 101101 102103 102102 101101 104104 101103 101102 101101 101103 103103 101104 102102 101101 101102 101101 101101 103103 101103 101101 103103 103103 101101 101101 101103 101104 101103 101101 103103 101101 103103 102102 103103 103103
WLN-79_ ,  101101 101101 101101 101101 103103 101101 102102 103103 103103 101101 101104 102102 102102 101103 101102 101101 102102 101101 103103 101101 102102 101101 103103 102102 104104 101101 102102 103103 101101 101101 102102 103103 101103 101102 101101 104104 101101 102102 103103 101101 101101 103103 102102 101101 101101 101101 101101 103103 101102 101101 103103 102102 101101 104104 101101 101102 101101 101103 101101 101104 101102 101104 101102 101101 101101 103103 103103 101101 103103 103103 101103 103103 101101 101101 101101 101101 103103 103103 101103 102102 103103 103103
WLN-81_ ,  101103 101103 101101 101104 103103 101101 102102 103103 101101 101103 104104 101102 102102 101101 102102 101101 101102 101101 103103 101103 101102 101101 101103 102102 104104 103103 102102 102103 101101 101101 102103 101103 101103 101101 103103 104104 101102 101102 101101 101101 101101 103103 102102 101101 103103 101101 101101 103103 101102 101101 103103 102102 101101 104104 101101 102102 101102 101103 103103 101104 101101 101104 102102 101102 101104 101103 103103 101101 103103 101103 101103 103103 101103 104104 101101 101103 101103 101103 101103 101101 101103 103103
WLN-82_ ,  101101 101101 101101 101101 103103 101101 102102 103103 101103 101101 101104 102102 102102 101101 102102 101101 102102 101101 103103 101101 101102 101101 101103 102102 104104 101101 102102 102103 101101 101101 103103 101103 101103 101102 101101 104104 101101 102102 101103 101103 101101 103103 102102 101101 101103 101101 101101 103103 101102 101101 102103 102102 101101 104104 101103 102102 101101 103103 101101 101104 102102 104104 101102 101101 101101 103103 103103 101101 103103 103103 103103 101103 101101 101104 101103 101103 103103 103103 101103 101102 103103 103103
WLN-83_ ,  101101 101101 101101 101101 103103 101101 101102 103103 101101 101101 101101 102102 102102 101101 102102 101101 102102 101101 103103 101101 102102 101101 103103 102102 104104 103103 102102 103103 101101 101101 103103 103103 101103 101102 101101 104104 101102 101102 101103 101101 101101 103103 102102 101101 101103 101101 101101 101103 102102 101103 103103 102102 101101 101104 101101 101102 101101 101103 101101 104104 102102 101104 101102 101101 101101 103103 103103 101101 103103 103103 101103 101103 101101 104104 101103 101103 103103 101103 101103 101102 103103 103103
WLN-84_ ,  101101 101101 101101 101101 103103 101101 101102 103103 103103 101101 101101 102102 102102 101103 102102 101101 102102 101101 103103 101103 102102 101101 103103 102102 104104 101103 102102 103103 101101 101101 103103 101103 103103 101102 101103 104104 101101 102102 101103 101101 101101 103103 102102 101101 101103 101101 101101 103103 101102 101101 102103 102102 101101 101104 101103 102102 101101 103103 101103 104104 101102 101101 101102 101101 101104 101103 103103 101101 101101 103103 103103 101103 101103 101104 101103 101101 103103 103103 103103 102102 101103 101101
WLN-85_ ,  101101 101101 101101 101101 103103 101101 102102 103103 103103 101101 101104 102102 102102 101101 102102 101101 102102 101101 103103 101103 101102 101101 101103 102102 104104 101101 102102 103103 101104 101101 102103 101103 101103 102102 101101 104104 101102 102102 101103 101101 101101 103103 102102 101101 101103 101101 101101 101103 101102 101101 103103 102102 101101 104104 101101 102102 101101 103103 101103 104104 101102 101104 101102 101101 101101 103103 101103 101101 101103 103103 101101 101101 101101 101104 101101 103103 103103 101103 103103 102102 101103 101103
WLN-87_ ,  101103 101101 101101 101104 103103 101101 102102 103103 101103 101101 101104 102102 102102 101101 102102 101101 102102 101101 103103 101103 102102 101101 103103 102102 104104 101103 102102 103103 101101 101101 102103 103103 101103 101101 101101 104104 101101 101102 101103 101101 101101 103103 102102 101101 103103 101101 101101 101103 102102 101101 103103 102102 101101 104104 101101 101102 101101 101103 103103 101104 102102 104104 102102 101101 101104 101103 103103 101101 103103 103103 103103 101101 101103 101104 101103 101101 103103 101103 103103 102102 103103 103103
WLN-88_ ,  101101 101103 101101 101101 103103 101101 102102 103103 101103 101101 101101 102102 102102 101101 102102 101101 102102 101101 103103 101103 102102 101101 103103 101102 104104 101103 102102 102103 101101 101101 102102 101103 103103 101102 101101 104104 101101 102102 101103 101101 101101 103103 101102 101101 103103 101101 000000 103103 101101 101101 103103 102102 101101 101104 101103 102102 102102 101101 101101 101104 102102 101104 102102 101101 101101 103103 103103 101101 103103 103103 103103 101101 101101 101101 101103 101101 103103 103103 103103 101102 103103 103103
WLN-89_ ,  101101 101101 101101 101101 103103 101101 102102 103103 101103 101101 101104 102102 102102 101101 101102 101101 102102 101102 103103 101101 102102 101101 103103 102102 104104 103103 102102 102103 101104 101101 103103 103103 101101 101101 101101 104104 101101 101102 101101 101101 101101 103103 102102 101101 103103 101101 101101 103103 102102 101101 102103 102102 101101 104104 101101 102102 101101 101103 101103 101104 102102 101104 101102 101101 101101 103103 103103 101101 103103 103103 101103 101103 101103 104104 101101 101101 103103 101101 103103 102102 103103 103103
WLN-90_ ,  101103 101101 101101 101104 103103 101101 102102 103103 101103 101101 101101 102102 102102 101101 102102 101101 102102 101101 103103 101101 102102 101101 103103 102102 104104 103103 102102 103103 101101 101101 103103 103103 101101 101101 101103 104104 101101 102102 101103 101101 101101 103103 102102 101101 101101 101101 101103 101103 101102 101101 103103 102102 101101 101104 101101 101101 101101 101101 101101 101104 102102 104104 101102 101101 101104 101103 103103 101101 103103 103103 103103 101103 101103 104104 101101 101101 103103 101103 103103 101102 103103 103103
WLN-91_ ,  101101 101101 101101 101101 103103 101101 102102 103103 101101 101101 101104 102102 102102 101101 102102 101101 102102 101101 103103 101101 102102 101101 103103 102102 104104 103103 102102 103103 101101 101101 103103 101103 101101 101101 101103 104104 101101 102102 101103 101101 101101 103103 102102 101101 101101 101101 101103 101103 102102 101101 103103 102102 101101 101104 101103 102102 101101 101101 101103 101104 102102 104104 101102 101101 101101 103103 103103 101101 103103 103103 103103 101103 103103 104104 101101 101101 103103 101103 103103 101102 103103 103103
WLN-92_ ,  101101 101101 101101 101101 103103 101101 102102 103103 103103 101101 101101 102102 102102 101101 102102 101101 102102 101101 103103 101103 102102 101102 103103 102102 104104 101103 102102 103103 101101 101101 102103 103103 101101 102102 101101 104104 101101 102102 101103 101101 101101 103103 101102 101101 103103 101101 101101 101101 101102 101101 102103 102102 101101 101104 101103 101102 101101 101101 101103 104104 000000 101101 101101 101101 101101 103103 103103 101101 103103 103103 101103 101101 101101 101104 101103 101101 103103 103103 103103 102102 103103 103103
WLN-93_ ,  101103 101101 101101 101104 103103 101101 102102 103103 101103 101103 104104 101102 102102 101103 102102 101101 102102 101101 103103 101103 102102 101101 103103 102102 104104 101103 102102 102103 101101 101101 102103 101103 101103 101102 103103 101104 101102 101102 101103 101101 101101 101103 102102 101101 101103 101101 101101 103103 101102 101101 102103 101102 101101 101101 101103 101102 101101 101103 101101 101101 101102 101104 102102 101101 101101 103103 103103 101101 103103 101103 101103 101103 101103 104104 101103 101103 103103 101103 101101 101102 103103 103103
WLN-94_ ,  101101 101103 101101 101101 103103 101101 102102 103103 101103 101101 101104 102102 102102 101101 102102 101101 102102 101101 103103 101101 101102 101101 101103 101102 104104 101103 102102 102103 101104 101101 102103 101103 103103 101101 101103 104104 101101 102102 101101 101101 101101 103103 102102 101101 101101 101101 101101 103103 102102 101101 103103 102102 101101 104104 101101 102102 101102 103103 101103 101104 101102 104104 102102 101101 101101 103103 103103 101101 103103 103103 101103 101101 101103 104104 103103 101101 103103 103103 103103 102102 103103 103103
WLN-95_ ,  101103 101101 101101 101104 103103 101101 102102 103103 103103 101101 101101 102102 102102 101101 102102 101101 102102 101101 103103 101101 101102 101101 101103 102102 104104 101103 102102 103103 101101 101101 102103 101103 101103 102102 101101 104104 101101 102102 101103 101101 101101 103103 101102 101101 101101 101101 101101 103103 101102 101101 102103 102102 101101 101101 101101 102102 101101 101103 101103 101104 101102 101101 102102 101101 101101 103103 101103 101101 103103 103103 101101 101101 101101 101104 101101 101103 103103 101103 103103 102102 103103 103103
WLN-96_ ,  101101 101101 101101 101101 103103 101101 102102 103103 101103 101101 101104 102102 102102 101101 102102 101101 102102 101101 103103 101101 101102 101101 101103 102102 104104 101103 102102 103103 101101 101101 102103 101101 101103 101102 101101 104104 101101 102102 101103 101101 101101 103103 102102 101101 101103 101101 101101 103103 101102 101101 103103 102102 101101 104104 101101 102102 101101 101101 101103 104104 101101 104104 101102 101101 101101 103103 101101 101101 103103 103103 101103 101101 101101 104104 101101 101101 103103 101103 103103 102102 103103 103103
WLN-97_ ,  101101 101101 101101 101101 103103 101101 102102 103103 101103 101101 104104 102102 102102 101101 101102 101101 101102 101101 103103 101101 101102 101101 101103 102102 104104 101103 102102 103103 101101 101101 103103 103103 101101 101102 101101 104104 101101 101102 101103 101101 101101 103103 102102 101101 101103 101101 101101 103103 102102 101101 102103 102102 101101 104104 101101 101102 101101 101103 101101 101104 101102 101104 102102 101101 101104 101103 103103 101101 101103 103103 101101 101103 101101 101104 101101 101101 103103 101103 103103 101101 103103 101103
WLN-98_ ,  101101 101101 101101 101101 103103 101101 101102 103103 101103 101101 101101 102102 102102 101101 102102 101101 102102 101101 103103 101103 102102 101101 103103 102102 104104 101103 102102 102103 101101 101101 102103 101103 101101 101102 101101 104104 101101 101102 103103 101101 101101 103103 102102 101101 101101 101101 101101 101103 101101 101101 103103 102102 101101 101104 101101 101102 101101 103103 101101 101104 102102 101104 101102 101101 101101 103103 103103 101101 103103 103103 101103 101101 101101 104104 101101 101101 103103 103103 101103 101102 101103 103103
WLN-99_ ,  101103 101101 101101 101104 103103 101101 102102 103103 101103 101101 104104 102102 102102 101101 102102 101101 102102 101101 103103 101101 101102 101101 101103 102102 104104 103103 102102 103103 101101 101101 102103 103103 101101 101101 101103 104104 101101 102102 103103 101101 101101 103103 102102 101101 101101 101101 101103 101103 102102 101101 103103 102102 101101 101104 101101 101102 101102 103103 101101 104104 101102 104104 101102 101101 101104 101103 103103 101101 103103 103103 103103 103103 103103 104104 101101 101103 103103 101103 103103 101102 103103 103103
Pop
BDN091008OONLAS001517_ ,  101103 101103 101101 101104 102103 101102 102102 101103 101101 101101 101101 101102 102102 101103 101102 101101 101101 101101 103103 101101 101102 101101 101103 101101 104104 101101 101102 102103 101101 101102 102102 101103 103103 102102 103103 104104 101101 101101 103103 101103 101101 101103 101102 101103 101103 101101 101103 101103 101102 101103 102102 102102 101101 104104 103103 101101 101101 103103 101103 104104 101101 101104 101102 101102 101101 103103 103103 101102 101101 101103 101101 101101 101101 104104 101101 103103 103103 103103 101101 102102 101103 101101
BDN091008OONLAS001525_ ,  103103 103103 101102 104104 102103 102102 101102 103103 101101 101101 101101 101101 102102 101101 101102 101104 101102 101102 101101 101103 101101 102102 101101 101101 104104 101103 102102 103103 101101 101102 102102 101101 103103 101102 101103 101101 101101 101101 103103 101103 101101 101101 101102 101101 101101 101101 103103 101101 101102 101103 102103 102102 101101 101104 103103 101101 101101 103103 101101 104104 101101 104104 101101 102102 101101 103103 103103 101101 103103 101103 101101 101101 101101 101104 101101 101103 103103 103103 101101 101102 103103 103103
BDN091008OONLAS001532_ ,  101101 103103 101102 101101 102103 102102 102102 103103 101101 103103 101101 101102 102102 101101 101102 101101 101102 101101 103103 101101 101101 101102 101101 101102 101104 101101 101101 103103 101104 101101 102102 101101 101103 102102 101101 104104 102102 102102 101101 101103 101101 101103 101102 101101 101103 101104 101103 101103 101102 101103 102102 102102 102102 101101 101101 102102 101101 103103 101101 104104 101101 101104 101101 101102 101101 103103 101101 101101 103103 103103 101103 101101 101101 104104 101103 101103 103103 103103 101101 102102 103103 103103
BDN091008OONLAS001564_ ,  103103 101103 101101 104104 102103 102102 102102 103103 101101 103103 101101 101101 102102 101101 101102 104104 101101 101102 101103 103103 101101 101102 101101 102102 101104 101101 102102 102102 101104 101101 102102 103103 101103 102102 101103 101104 102102 101102 103103 101101 101101 101101 102102 101101 101101 101104 101101 101103 102102 101101 102102 101102 101102 101101 101101 101102 101101 103103 101101 104104 101101 104104 101102 102102 101101 103103 103103 101101 101103 103103 101103 101101 101101 101104 101101 103103 103103 103103 101101 102102 101101 101103
BDN091008OONLAS001575_ ,  101101 103103 101101 101104 102103 102102 101102 103103 101101 101103 101101 102102 102102 101101 102102 101104 101102 101101 103103 101103 101101 101102 101101 101102 104104 101101 102102 102103 101101 101101 102103 103103 103103 102102 103103 101104 101102 101101 103103 101103 103103 103103 101102 101103 101101 101101 101103 101103 101102 101101 102103 102102 101101 101104 101103 101102 101101 103103 101103 104104 101101 104104 102102 101102 101101 103103 101103 101102 101103 103103 101101 101101 101101 104104 101101 101101 101101 103103 101101 102102 103103 101103
BDN091008OONLAS001577_ ,  101101 103103 101101 101101 102103 102102 101102 103103 101103 101103 101101 101101 102103 101101 102102 101104 101102 101102 101103 103103 101101 101102 101101 101102 101104 101101 101101 102103 101104 101101 102103 103103 103103 102102 101103 101104 101102 101102 101103 101101 101101 101101 102102 101103 101101 101101 101103 101103 101101 101101 102102 101102 102102 101101 101103 101101 101101 103103 101101 104104 101102 104104 101102 102102 101101 103103 103103 101101 101103 101101 101103 101101 101101 101104 101101 101103 103103 103103 101103 102102 101101 101103
BDN091008OONLAS001578_ ,  103103 101103 101101 104104 102103 101102 101101 101101 101101 101103 101101 102102 102102 101101 101102 101101 101102 101102 103103 101103 101101 102102 101101 101101 104104 101103 102102 102103 101101 101101 102102 101103 101103 102102 101103 104104 101102 101101 101101 101103 101101 103103 101102 101101 101103 101104 103103 101101 101101 101101 102103 101102 101101 101104 103103 101101 101101 103103 101101 104104 102102 104104 101102 101101 101101 103103 101103 101101 101103 103103 101103 101101 101101 101104 101103 101103 101103 101103 101101 102102 101101 101103
BDN091008OONLAS001582_ ,  103103 101103 101101 104104 103103 101101 101101 101101 101101 101101 101101 102102 102102 101103 102102 101104 101102 101101 101103 101103 101101 101102 101101 102102 104104 101101 101102 103103 101104 101102 102102 101103 101103 101102 103103 104104 101101 101101 101103 101101 101101 101103 101101 101101 101103 101104 101101 101101 101101 101101 102103 102102 101102 101104 103103 101101 101101 103103 101103 104104 101102 101104 101101 102102 101101 103103 101101 101101 101101 101103 101103 101103 101101 101104 101101 101103 101103 103103 101101 102102 103103 101101
BDN091008OONLAS001584_ ,  103103 103103 101101 104104 102103 101102 102102 101103 101103 103103 101101 101102 102102 101101 101102 101101 102102 101102 103103 101103 101101 101102 101101 101102 104104 101101 101102 102102 104104 101101 102103 101101 101103 102102 101103 101104 102102 101101 101103 101103 101101 103103 101102 101101 101101 101101 101103 101101 101101 101101 102102 101102 101101 101101 101103 101102 101101 103103 101101 104104 101102 104104 101102 102102 101101 103103 103103 101101 103103 103103 101101 101101 101101 101104 101101 101101 103103 103103 101103 102102 103103 103103
BDN091008OONLAS001588_ ,  101101 103103 101101 101101 102103 102102 101102 103103 101101 101101 101101 101101 102102 101101 102102 101104 101102 101102 101101 103103 101101 102102 101101 101102 101104 101101 101102 102103 101104 101101 102102 101103 103103 102102 101101 101104 101101 101102 103103 101101 101101 103103 101101 101101 101101 101101 101103 101103 000000 101101 102103 102102 101102 101104 101103 102102 101101 101103 101101 104104 101101 101104 102102 101102 101101 103103 101103 101101 101103 103103 101101 101101 101101 101101 101101 101103 103103 103103 101101 101102 101103 101103
BDN091008OONLAS001592_ ,  101101 103103 101101 101101 103103 101102 101102 103103 101103 101103 101101 101102 102102 101101 101102 101101 101101 101101 103103 103103 101101 101102 101101 101101 101101 101103 101101 103103 101101 101101 102102 101101 101103 101102 101103 101101 101102 101102 103103 101103 101101 101103 101102 101103 101103 101104 101103 101103 101101 101101 102102 102102 101101 101104 101101 101101 101101 101103 101101 104104 101102 104104 101102 102102 101101 103103 101103 101102 103103 101103 101101 101101 101101 101101 101101 103103 103103 103103 101101 102102 101103 103103
BDN091008OONLAS001593_ ,  101103 101101 101101 101104 103103 101102 102102 101103 101101 101101 101101 101101 102103 101103 102102 101101 101101 101101 103103 101103 101101 101102 101101 101101 104104 101101 101101 102102 101101 101101 102103 101101 103103 102102 103103 104104 101101 101101 101101 101101 101101 103103 101101 101103 101101 101101 101101 101103 102102 101101 102102 101102 101101 104104 101103 101101 101101 101103 101101 104104 101101 104104 101101 101102 101101 103103 101103 101101 101103 103103 101101 101101 101101 101104 101103 103103 103103 103103 103103 102102 103103 101103
BDN091008OONLAS001598_ ,  103103 101101 101101 104104 102103 101102 101102 103103 101101 101103 101101 101102 102103 101101 101102 101104 102102 101102 101103 101103 101102 101101 101103 101102 101104 101101 101101 103103 104104 101101 102102 101103 103103 102102 103103 101101 101102 101101 101103 101101 101101 103103 101101 101101 101101 101104 103103 101101 101101 101101 102102 101102 101102 101101 101101 101101 101101 103103 101101 101104 101102 104104 101101 102102 101101 103103 103103 101101 101103 103103 101101 101101 101101 101101 101101 101101 103103 103103 101103 102102 101101 101103
BDN150812OONL10371_ ,  103103 103103 101101 104104 102103 101101 102102 103103 101101 103103 101101 101102 102102 101101 102102 101101 101102 101102 101101 101101 101101 101101 101101 101101 101104 101103 101102 102103 101101 101101 102102 101103 103103 101101 101103 104104 102102 101101 103103 101103 103103 101103 101101 101103 101103 101101 101103 101103 101101 101101 102102 101102 101102 104104 101103 101101 101101 103103 101101 101101 102102 101104 101102 101101 101101 103103 101103 101101 103103 103103 101103 101103 101101 101104 101101 101103 101103 103103 101103 102102 101103 103103
BDN150812OONL10372_ ,  103103 101101 101101 104104 102103 102102 102102 101103 101101 103103 101101 101101 102102 101103 101102 101104 101102 101101 101103 101103 101101 101101 101101 101101 101104 101103 101102 103103 101101 101101 102102 101101 101103 102102 101103 101104 102102 101102 103103 101101 101101 101103 101102 101101 101101 101101 101103 101103 101102 101101 102103 102102 101102 101101 101103 101102 101101 103103 101101 104104 101101 101104 101101 102102 101101 103103 103103 102102 103103 103103 101101 101101 101101 101104 101101 101103 103103 103103 101103 102102 101101 103103
